=== ANGULOS MUJOCO (grados) — inclinacion real de cada joint ===
Paso       S01   S02   S03   S04   S05   S06   S07   S08   S09   S10   S11   S12   S13   S14   S15   S16
--------------------------------------------------------------------------------------------------------
paso  1   +0.0  +0.0  +0.0  +0.0  +0.0  +0.0  +0.0  +0.0  +0.0  +0.0  +0.0  +0.0  +0.0  +0.0  +0.0  +0.0
paso  2   +0.0  +0.0  +0.0  +0.0  +0.0  +0.0  -1.6  +2.3  +0.2  +9.3  +0.2  +4.5  +3.9  +5.0  +5.3  -2.4
paso  3   +0.0  +0.0  +0.0  +0.0  +0.0  +0.0  +2.5  -1.9  +3.2  +0.2  +0.4  +6.4  +8.8  -6.4  -2.7  -6.1
paso  4   +0.0  +0.0  +0.0  +0.0  +0.0  +0.0  -5.8  -3.5  +5.4  +3.0  +4.2  -3.6  +0.1 -17.9 -13.9  -1.2
paso  5   +0.0  +0.0  +0.0  +0.0  +0.0  +0.0  -5.1  +9.0  -1.1  -5.5  +5.5  -1.8 -14.8 -12.7  -2.5  -0.3
paso  6   +0.0  +0.0  +0.0  +0.0  +0.0  +0.0  +5.1  +5.9  -6.5 -11.5  +1.3  +7.2 -13.3  -8.0  +9.7  -4.0
paso  7   +0.0  +0.0  +0.0  +0.0  +0.0  +0.0  +6.5  -5.4 -11.0 -20.2  +3.6 +10.0  -6.1  -4.4 +12.6  -7.1
paso  8   +0.0  +0.0  +0.0  +0.0  +0.0  +0.0  +4.8 -17.7  -5.9  -8.6  +0.6  +8.1  +1.2  -1.6  +8.8  -9.7
paso  9   +0.0  +0.0  +0.0  +0.0  +0.0  +0.0  +5.3 -25.0  -2.6  -1.3  -4.5  +8.7  +8.8 -10.5  -3.1  -9.7
paso 10   +0.0  +0.0  +0.0  +0.0  +0.0  +0.0  -0.8 -18.6  -0.1  +0.4  -0.3  +2.4  +6.2 -19.1 -13.7  -8.2
paso 11   +0.0  +0.0  +0.0  +0.0  +0.0  +0.0  -4.6  -9.6  +1.7  +5.4  +3.4  -1.2  -3.9 -26.0 -18.1  -6.8
--------------------------------------------------------------------------------------------------------

=== VALORES SERVO exportados al robot ===
Paso       S01   S02   S03   S04   S05   S06   S07   S08   S09   S10   S11   S12   S13   S14   S15   S16
--------------------------------------------------------------------------------------------------------
paso  1     90    90    90    90    90    90    90   120   145    95    90    90    60    30    95    90
paso  2     90    90    90    90    90    90    92   118   145    86    90    86    64    35   100    88
paso  3     90    90    90    90    90    90    88   122   142    95    90    85    69    24    92    84
paso  4     90    90    90    90    90    90    95   124   140    92    86    94    60    12    81    89
paso  5     90    90    90    90    90    90    95   111   146   101    85    92    45    17    92    90
paso  6     90    90    90    90    90    90    85   114   152   106    89    85    47    22   105    86
paso  7     90    90    90    90    90    90    84   125   156   115    86    85    54    26   108    83
paso  8     90    90    90    90    90    90    85   138   151   104    89    85    61    28   104    80
paso  9     90    90    90    90    90    90    85   145   148    96    95    85    69    19    92    80
paso 10     90    90    90    90    90    90    91   139   145    95    90    88    66    11    81    82
paso 11     90    90    90    90    90    90    95   130   143    90    87    91    56     4    77    83
--------------------------------------------------------------------------------------------------------
neutro      90    90    90    90    90    90    90   120   145    95    90    90    60    30    95    90
